10000
10004
10007
10011
10020
10024
1003
10036
10039
10042
10045
10058
1006
10061
10064
1007
10070
10073
10082
10091
10094
10100
10106
10109
10112
10115
10118
10122
10125
10128
10131
10134
10137
1014
10140
10143
10146
10149
1015
10152
10155
10173
10176
10179
10196
10199
10214
10217
10241
10244
10247
10251
10254
10260
10263
10266
10273
10276
10279
10282
10286
10289
10292
10295
10298
10304
10313
10316
10319
10322
10328
10331
10334
10340
10343
10346
10349
10352
10356
10365
10368
10372
10375
10378
1038
10381
10384
10387
1039
10390
10393
10396
10399
10400
10405
10408
10409
1041
10412
10417
10418
10423
10426
1043
10439
1044
10444
10447
10453
10459
10462
10471
1048
10481
10486
10489
1049
10492
10505
10508
1051
10515
10518
10530
10533
1054
10545
10548
10551
10557
1057
10573
10580
10581
10589
1059
10595
10604
10607
1061
10613
10617
1062
10620
10623
1063
1064
10646
1065
10657
1066
1067
10683
1070
1071
10731
10744
10758
10761
10862
10898
10901
10902
10946
1100
11059
11083
1165
11875
11882
11902
11923
11936
1194
11942
11959
11979
11989
12007
12010
12014
12023
12026
12029
12032
12035
12038
12041
12044
12047
12050
12056
12059
12062
1207
12086
12089
12107
12118
12122
1213
12135
12156
12220
1223
1225
1226
12274
12278
1228
12451
12454
12460
12479
12483
124992
12533
12536
12542
12550
12553
12556
12559
12562
12576
12579
125877
12591
1260
12603
12607
12610
12613
12616
12625
12626
12629
12630
12631
12635
12639
12640
12643
12644
12647
12648
12649
12655
12657
12658
12659
12660
12662
12666
12667
12782
12802
12805
12814
12824
12827
12830
12833
12843
12852
12855
12880
1290
12913
12916
12919
12937
12946
12949
12953
12956
12960
12969
12975
12978
12981
12987
12994
12998
13004
13007
13032
13038
13079
13082
13088
13091
13094
13097
13100
13109
13112
13115
13129
1313
13132
13147
13148
13153
13176
13189
13192
13198
13205
13207
13208
13209
13210
13215
13216
13222
13224
13226
13229
13230
13231
13234
13236
13241
13246
13247
13248
13249
13250
13252
13254
13259
13260
13261
13262
13263
13264
13265
13266
13301
13309
13317
13319
13321
13322
13323
13324
13325
13326
13331
135100
136300
136979
138449
13855
13858
13861
138629
13867
138717
13877
13880
138807
138865
138873
138884
13889
13892
13895
138978
13898
13905
13908
13914
13917
13923
13926
13929
139295
13932
13935
13938
13941
13948
139508
13955
13958
13967
139693
13970
139700
13980
13984
139875
139923
139941
140018
140033
140092
14017
14020
140209
14026
14029
14035
14038
14041
14044
14047
14050
14053
140598
140657
140788
141068
1412
1414
141479
141512
141533
141589
141622
141981
141996
142272
1424
142488
142492
142579
142708
1428
142876
142938
142944
142976
1430
1431
143268
1433
143408
143578
143961
144131
144199
1444
144423
1453
145776
1459
146325
146476
1465
1468
147077
1471
147460
147470
147613
1482
1484
1487
148780
1488
1489
1491
149911
150121
150391
150471
1505
1507
151057
1511
1513
1514
1515
151527
1516
151987
152272
152279
1524
1525
153158
153294
153681
153694
153914
154297
1544
154803
1552
155246
155439
155533
155971
155991
156323
156389
157091
157782
157918
1585
158764
1588
1589
159916
159966
160010
160047
1609
1610
161081
1611
1613
161700
162031
1622
1623
1625
162562
162605
162896
1629
163132
1632
1633
163349
1634
163466
1635
1638
1639
1641
1644
1645
1646
164712
1648
1649
165008
165082
165416
1655
1656
1659
166128
1662
1666
166671
1668
1670
167048
1671
1672
1674
1675
167761
1678
167816
1679
1680
1681
1683
168300
1684
1685
168581
1686
1687
168790
1688
1689
1690
169081
1691
169179
1692
1693
1694
1696
1697
1698
169830
1699
17
1701
170150
1704
170617
1707
1708
1709
1710
171452
172182
172616
172667
173230
173630
1741
1742
1745
1746
174814
1749
1753
1754
1760
176386
176490
1765
1770
1771
1772
1774
1775
1781
1783
1784
1785
1786
1788
1792
1795
1796
1804
1805
1807
1809
1810
1812
1813
1819
1821
1822
1824
1829
1831
1832
1835
1840
1842
1844
1845
1846
1848
1854
1856
1857
1862
1865
1867
1868
1871
1874
1876
1879
1884
1891
1898
1905
1907
1909
1915
1916
1920
1925
1927
1929
1935
193691
193693
195003
1955
1957
1959
196113
196512
1969
198667
1990
1991
1992
1993
1997
1998
2001
200231
2007
2008
2013
201348
201471
201530
201582
2018
2024
202919
202927
202929
203079
2031
203202
2033
2035
2039
2041
2044
2048
2050
2063
2064
2065
2066
2068
2070
2071
2076
2080
208047
208167
208195
2082
208240
2085
2087
2093
2100
2117
2121
2123
212353
212385
2124
2129
2130
2133
2134
2136
2137
2139
2141
2142
2143
2145
2146
2148
2153
215704
216400
216401
216403
216432
216455
216495
216566
2168
216843
216858
216864
216891
216966
216967
216970
216974
216978
216979
216980
216981
216982
216983
216984
216986
216987
216988
216989
2175
2177
2181
2182
2186
218663
2192
219219
219232
219233
2195
2203
2205
2206
2209
2212
2228
2233
2242
2244
2250
2252
2253
2255
2259
2283
2293
2294
2295
2298
2300
2307
2314
2316
2319
2332
2341
2342
2371
2391
2398
2399
2402
2403
2406
2419
2429
2431
2433
2434
2437
2444
2447
2449
2463
2464
2465
2479
2480
2489
2493
2495
2496
2499
2503
2505
2514
2515
2517
2523
2524
2526
2527
2531
2537
2540
2542
2546
2548
2549
2556
2561
2562
2567
2571
2572
2575
2579
2583
2606
2607
2611
2616
2618
2625
2637
2641
2650
2654
2666
2669
2680
2682
2685
2691
2692
2700
2701
2704
2715
2747
2753
2756
2762
2763
2764
2767
2768
2773
2778
2779
2780
2781
2783
2784
2785
2786
2787
2797
2798
2800
2849
2851
2853
2854
2859
2860
2861
2862
2865
2868
2873
2882
2885
2891
2893
2894
2895
2899
2901
2905
2908
2911
2913
2914
2916
2918
2920
2930
2931
2934
2935
2938
2953
2977
2983
2984
2985
2987
2990
2993
2996
2998
3001
3004
3010
3011
3014
3017
3026
3032
3033
3038
3048
3051
3054
3055
3061
3062
3063
3065
3071
3072
3074
3079
3081
3083
3085
3102
312
3129
313
317
318
334
335
348
357
365413
365432
365437
365440
365443
365454
365455
365456
365457
365507
365510
365570
365578
365616
365634
365642
365650
365683
365692
365701
365715
365718
365728
365800
365802
365805
365806
365807
365812
365814
365815
365850
365851
365909
365910
365911
365912
365929
365982
365984
365985
365986
365988
365989
365990
365994
365997
366015
366027
366039
366040
366041
366072
366080
366087
366139
366140
366150
366185
366187
366191
366192
366193
366206
366217
366222
366225
366230
366250
372555
375
377456
379588
380666
380845
381382
381397
381667
384085
384880
384881
384884
384911
384915
385025
385033
386506
386560
386850
387
387430
396
398864
399913
406085
408667
412147
414048
417200
417222
417223
417224
417226
417233
417264
417849
419882
420144
420214
420216
420360
420422
420440
422485
422486
426851
426962
427961
428311
429
429409
43
431578
431645
432235
434718
437
439159
439281
44
442981
450365
450414
450912
450922
451200
452
453436
453439
454
457
459
463
480
481
493
495
496
508
510
512
527
533
539
540
542
543
544
547
549
551
553
554
555
556
561
562
564
565
567
568
570
571
576
577
578
585
589
590
593
594
595
596
597
598
6
600
602
61
618
620
621
622
623
624
625
626
627
63
637
641
644
646
647
65
652
655
656
657
658
659
660
68
694
71
741
75
756
766
772
80
804
805
83
845
848
85
869
874
875
89
91
912
914
915
916
919
93
930
931
932
934
938
939
940
9406
941
9412
9419
9429
9434
9437
9443
9449
9458
9466
9475
9478
9484
9487
9493
9499
9502
9505
9511
9514
9523
9529
9538
9541
9548
9552
9558
9561
9564
9567
9570
9581
9587
9593
9602
9611
9614
9622
9626
9629
9641
9647
9650
9653
9665
9671
968
9681
969
9693
9696
970
9703
9709
9715
9718
9732
975
9752
9758
9766
9772
9778
9781
9790
9793
9796
9805
981
9811
9812
982
9825
983
9846
9849
9852
9855
9858
9864
9867
9870
9873
9876
988
9885
9888
989
9894
9897
9900
9907
991
9910
9914
9918
9921
9924
9927
9930
994
9943
9946
9949
9952
9955
9956
9961
9973
9976
9979
998
9982
9985
9988
9991
9994
9997